1.000000000000000000e+00
7.969230769230769562e-01
5.938461538461538014e-01
3.907692307692307576e-01
9.261538461538461053e-01
7.230769230769230616e-01
5.200000000000000178e-01
3.169230769230769185e-01
8.523076923076923217e-01
6.492307692307692779e-01
4.461538461538461786e-01
2.430769230769230793e-01
4.000000000000000083e-02
7.230769230769230616e-01
5.200000000000000178e-01
3.169230769230769185e-01
1.138461538461538469e-01
8.707692307692307399e-01
6.676923076923076961e-01
4.646153846153845968e-01
