299
299
335
327
209
209
209
209
209
209
209
115
115
195
223
247
247
142
142
174
194
194
194
194
146
122
178
178
178
178
476
476
440
440
440
440
440
189
189
229
229
229
229
524
524
524
524
524
524
524
418
418
418
418
418
418
263
263
263
263
263
263
263
314
314
314
314
314
314
427
427
427
427
427
427
427
394
394
394
394
394
394
439
439
439
439
439
439
439
441
441
441
441
441
441
346
346
346
346
346
346
346
181
181
181
181
181
181
162
102
66
-14
-94
-98
-98
63
63
143
191
191
191
336
336
336
312
288
288
288
-78
-90
-134
-134
-134
-134
257
257
273
281
281
281
281
30
10
-70
-114
-114
-114
-6
-6
-38
-82
-82
-82
-82
0
0
-60
-80
-108
-108
-145
-105
-133
-149
-149
-149
-149
-138
-138
-138
-138
-138
-138
-137
-137
-137
-137
-137
-137
-137
-397
-397
-341
-337
-337
-337
-344
-344
-344
-344
-344
-320
-352
-214
-210
-170
-194
-194
-194
-81
-81
-101
-121
-149
-149
-149
-41
-41
-85
-85
-85
-85
-60
-8
16
96
176
256
260
299
299
299
299
299
299
113
113
149
213
213
213
213
211
211
255
255
255
255
45
45
-23
-103
-155
-155
-155
244
244
268
268
268
268
177
177
201
213
245
245
245
114
114
170
198
198
198
124
124
152
200
220
224
224
508
508
508
468
468
468
108
108
52
-28
-108
-140
-140
57
57
93
173
209
209
234
234
234
234
234
234
234
178
178
226
234
234
234
322
322
322
322
322
322
322
175
175
211
211
211
211
90
90
38
-42
-110
-122
-142
-60
-60
-104
-132
-132
-132
-150
-150
-182
-182
-182
-182
-182
-182
-182
-182
-182
-182
-182
-6
-6
-46
-98
-98
-98
-98
-334
-334
-334
-334
-334
-334
16
16
60
140
220
232
232
40
36
-44
-76
-100
-112
24
24
72
152
224
224
224
-12
-12
-80
-128
-128
-128
171
171
215
243
243
243
243
207
207
235
235
235
235
150
150
182
222
222
222
222
177
141
189
205
221
221
406
406
374
374
374
374
374
4
0
-80
-144
-144
-144
128
128
172
224
224
224
224
296
296
296
296
296
296
135
135
151
211
211
211
211
305
305
305
305
305
305
363
363
363
363
363
363
363
117
101
21
-59
-119
-119
-118
-118
-118
-118
-118
-118
-118
-83
-83
-103
-119
-119
-119
68
68
116
196
228
228
228
-9
-9
-85
-113
-113
-113
177
177
225
257
257
257
257
-95
-119
-155
-155
-155
-155
-201
-201
-201
-201
-201
-201
-201
121
121
185
209
209
209
261
261
261
261
261
261
261
71
67
-13
-93
-101
-101
-205
-205
-205
-205
-205
-205
-205
-92
-92
-124
-124
-160
-160
37
37
81
161
233
277
277
153
157
217
217
217
217
-27
-27
-99
-127
-147
-147
-147
148
152
192
192
192
192
278
278
278
306
306
306
306
-10
-14
-82
-102
-114
-114
-4
-4
-48
-80
-80
-80
-80
98
106
178
210
210
210
119
119
151
207
207
207
207
277
277
277
277
277
277
225
225
225
225
225
225
225
230
230
254
254
254
254
-73
-73
-133
-173
-177
-177
-177
48
32
-48
-128
-168
-172
44
44
112
192
260
296
296
70
74
154
210
246
246
98
90
10
-70
-134
-170
-170
95
135
203
223
223
223
201
201
237
241
241
241
241
224
188
240
268
268
268
3
3
-73
-121
-137
-137
-137
66
58
102
182
222
222
226
222
242
262
262
262
262
255
255
287
287
287
287
53
53
-19
-95
-147
-183
-183
175
183
243
243
271
271
145
145
201
233
253
253
253
23
-17
-65
-145
-161
-161
54
54
106
186
202
238
238
40
-16
-96
-140
-200
-200
121
121
169
205
221
221
221
134
102
174
222
242
242
101
53
17
-63
-135
-135
-135
48
52
132
212
220
220
99
99
119
179
215
215
215
199
191
239
239
239
239
501
489
417
425
445
445
445
464
464
464
464
464
464
449
449
449
449
449
449
449
284
284
304
304
304
304
101
101
45
-35
-115
-163
-163
60
68
148
172
204
204
173
173
201
201
201
201
201
40
36
-44
-124
-164
-164
-61
-61
-65
-97
-97
-97
-97
-191
-191
-191
-191
-191
-191
104
104
156
200
212
228
228
263
263
263
263
263
263
151
151
203
227
235
235
235
286
286
286
286
286
286
358
358
358
382
382
382
382
16
4
-76
-120
-160
-160
38
38
2
-78
-126
-126
-126
-103
-103
-131
-131
-131
-131
-198
-198
-198
-198
-218
-218
-218
-423
-423
-423
-443
-443
-443
-162
-162
-130
-158
-158
-158
-158
-312
-252
-260
-276
-276
-276
-32
-32
8
88
168
248
292
50
30
-50
-130
-166
-166
144
144
196
276
280
280
280
40
28
-52
-128
-156
-156
-5
-5
51
131
211
251
283
233
205
281
281
281
281
126
126
82
162
228
228
228
152
116
36
-44
-124
-180
-94
-94
-138
-166
-194
-198
-198
-97
-97
-149
-149
-149
-173
-324
-324
-324
-324
-324
-324
-324
-322
-322
-322
-322
-322
-322
-104
-104
-116
-130
-130
-130
-130
-415
-415
-371
-319
-255
-223
-214
-202
-210
-238
-238
-238
-238
-212
-236
-256
-256
-256
-256
142
142
186
266
298
298
298
182
194
258
258
258
258
-64
-64
-92
-164
-164
-196
-196
-152
-152
-152
-152
-152
-152
59
59
95
175
223
223
223
3
3
-73
-125
-177
-177
116
116
152
216
248
248
248
-3
-3
-71
-115
-151
-151
78
78
114
194
226
226
226
212
212
244
248
248
248
13
13
-35
-115
-175
-175
-175
-110
-110
-110
-110
-110
-110
-101
-101
-101
-101
-101
-101
-125
-137
-137
-137
-137
-137
-137
76
76
116
196
228
248
248
183
183
227
239
239
239
305
305
305
305
305
305
305
-6
-6
-70
-126
-126
-126
-72
-72
-120
-136
-136
-136
-136
99
103
183
215
255
255
340
340
340
340
364
364
364
320
316
340
340
340
340
-19
-19
-75
-127
-163
-163
-163
-113
-113
-149
-149
-149
-149
-144
-144
-180
-180
-180
-180
-180
-258
-258
-258
-258
-258
-258
58
58
106
186
222
222
222
156
160
220
220
220
220
67
67
23
-57
-117
-117
-117
164
180
252
252
252
252
-95
-95
-151
-171
-171
-171
-171
-31
-31
-95
-95
-95
-95
-84
-84
-84
-84
-116
-116
-116
-285
-285
-285
-285
-285
-285
-140
-140
-140
-140
-160
-172
-172
90
110
190
270
274
274
50
50
-2
-82
-114
-142
-142
-28
-16
-80
-104
-116
-116
-269
-221
-225
-265
-265
-265
-265
-304
-304
-304
-304
-340
-340
-375
-375
-375
-407
-407
-407
-407
-158
-158
-186
-186
-186
-186
-132
-132
-132
-132
-132
-132
-132
-28
-12
68
148
228
248
-58
-58
-98
-126
-126
-158
-158
-108
-108
-160
-160
-160
-160
30
30
78
158
238
258
258
1
-15
-95
-123
-159
-159
-48
-48
-104
-104
-104
-104
-104
-113
-113
-133
-133
-133
-133
-320
-320
-320
-320
-320
-320
-320
-170
-170
-170
-170
-170
-170
-21
-21
-29
-109
-121
-121
-121
-48
-48
-48
-48
-48
-48
-341
-277
-205
-205
-249
-245
-229
49
93
173
253
317
317
-20
-20
-76
-156
-164
-164
-164
-142
-142
-110
-78
-78
-42
