5.066666666666667096e-01
5.799999999999999600e-01
6.533333333333333215e-01
7.266666666666666829e-01
7.333333333333332815e-01
6.600000000000000311e-01
5.866666666666666696e-01
5.133333333333333082e-01
4.600000000000000200e-01
5.333333333333333259e-01
6.066666666666666874e-01
6.800000000000000488e-01
7.533333333333332993e-01
7.800000000000000266e-01
8.533333333333333881e-01
9.233333333333333393e-01
9.233333333333333393e-01
9.100000000000000311e-01
8.366666666666666696e-01
7.633333333333333082e-01
